{
 "cells": [
  {
   "cell_type": "markdown",
   "metadata": {},
   "source": [
    "__Breast cancer analysis__"
   ]
  },
  {
   "cell_type": "markdown",
   "metadata": {},
   "source": [
    "In this notebook we'll analyse breast cancer data and buid a machine learning model using k-means"
   ]
  },
  {
   "cell_type": "markdown",
   "metadata": {},
   "source": [
    "First - unpaking the data"
   ]
  },
  {
   "cell_type": "code",
   "execution_count": 1,
   "metadata": {},
   "outputs": [
    {
     "data": {
      "text/html": [
       "<div>\n",
       "<style scoped>\n",
       "    .dataframe tbody tr th:only-of-type {\n",
       "        vertical-align: middle;\n",
       "    }\n",
       "\n",
       "    .dataframe tbody tr th {\n",
       "        vertical-align: top;\n",
       "    }\n",
       "\n",
       "    .dataframe thead th {\n",
       "        text-align: right;\n",
       "    }\n",
       "</style>\n",
       "<table border=\"1\" class=\"dataframe\">\n",
       "  <thead>\n",
       "    <tr style=\"text-align: right;\">\n",
       "      <th></th>\n",
       "      <th>id</th>\n",
       "      <th>diagnosis</th>\n",
       "      <th>radius_mean</th>\n",
       "      <th>texture_mean</th>\n",
       "      <th>perimeter_mean</th>\n",
       "      <th>area_mean</th>\n",
       "      <th>smoothness_mean</th>\n",
       "      <th>compactness_mean</th>\n",
       "      <th>concavity_mean</th>\n",
       "      <th>concave points_mean</th>\n",
       "      <th>...</th>\n",
       "      <th>texture_worst</th>\n",
       "      <th>perimeter_worst</th>\n",
       "      <th>area_worst</th>\n",
       "      <th>smoothness_worst</th>\n",
       "      <th>compactness_worst</th>\n",
       "      <th>concavity_worst</th>\n",
       "      <th>concave points_worst</th>\n",
       "      <th>symmetry_worst</th>\n",
       "      <th>fractal_dimension_worst</th>\n",
       "      <th>Unnamed: 32</th>\n",
       "    </tr>\n",
       "  </thead>\n",
       "  <tbody>\n",
       "    <tr>\n",
       "      <th>0</th>\n",
       "      <td>842302</td>\n",
       "      <td>M</td>\n",
       "      <td>17.99</td>\n",
       "      <td>10.38</td>\n",
       "      <td>122.80</td>\n",
       "      <td>1001.0</td>\n",
       "      <td>0.11840</td>\n",
       "      <td>0.27760</td>\n",
       "      <td>0.3001</td>\n",
       "      <td>0.14710</td>\n",
       "      <td>...</td>\n",
       "      <td>17.33</td>\n",
       "      <td>184.60</td>\n",
       "      <td>2019.0</td>\n",
       "      <td>0.1622</td>\n",
       "      <td>0.6656</td>\n",
       "      <td>0.7119</td>\n",
       "      <td>0.2654</td>\n",
       "      <td>0.4601</td>\n",
       "      <td>0.11890</td>\n",
       "      <td>NaN</td>\n",
       "    </tr>\n",
       "    <tr>\n",
       "      <th>1</th>\n",
       "      <td>842517</td>\n",
       "      <td>M</td>\n",
       "      <td>20.57</td>\n",
       "      <td>17.77</td>\n",
       "      <td>132.90</td>\n",
       "      <td>1326.0</td>\n",
       "      <td>0.08474</td>\n",
       "      <td>0.07864</td>\n",
       "      <td>0.0869</td>\n",
       "      <td>0.07017</td>\n",
       "      <td>...</td>\n",
       "      <td>23.41</td>\n",
       "      <td>158.80</td>\n",
       "      <td>1956.0</td>\n",
       "      <td>0.1238</td>\n",
       "      <td>0.1866</td>\n",
       "      <td>0.2416</td>\n",
       "      <td>0.1860</td>\n",
       "      <td>0.2750</td>\n",
       "      <td>0.08902</td>\n",
       "      <td>NaN</td>\n",
       "    </tr>\n",
       "    <tr>\n",
       "      <th>2</th>\n",
       "      <td>84300903</td>\n",
       "      <td>M</td>\n",
       "      <td>19.69</td>\n",
       "      <td>21.25</td>\n",
       "      <td>130.00</td>\n",
       "      <td>1203.0</td>\n",
       "      <td>0.10960</td>\n",
       "      <td>0.15990</td>\n",
       "      <td>0.1974</td>\n",
       "      <td>0.12790</td>\n",
       "      <td>...</td>\n",
       "      <td>25.53</td>\n",
       "      <td>152.50</td>\n",
       "      <td>1709.0</td>\n",
       "      <td>0.1444</td>\n",
       "      <td>0.4245</td>\n",
       "      <td>0.4504</td>\n",
       "      <td>0.2430</td>\n",
       "      <td>0.3613</td>\n",
       "      <td>0.08758</td>\n",
       "      <td>NaN</td>\n",
       "    </tr>\n",
       "    <tr>\n",
       "      <th>3</th>\n",
       "      <td>84348301</td>\n",
       "      <td>M</td>\n",
       "      <td>11.42</td>\n",
       "      <td>20.38</td>\n",
       "      <td>77.58</td>\n",
       "      <td>386.1</td>\n",
       "      <td>0.14250</td>\n",
       "      <td>0.28390</td>\n",
       "      <td>0.2414</td>\n",
       "      <td>0.10520</td>\n",
       "      <td>...</td>\n",
       "      <td>26.50</td>\n",
       "      <td>98.87</td>\n",
       "      <td>567.7</td>\n",
       "      <td>0.2098</td>\n",
       "      <td>0.8663</td>\n",
       "      <td>0.6869</td>\n",
       "      <td>0.2575</td>\n",
       "      <td>0.6638</td>\n",
       "      <td>0.17300</td>\n",
       "      <td>NaN</td>\n",
       "    </tr>\n",
       "    <tr>\n",
       "      <th>4</th>\n",
       "      <td>84358402</td>\n",
       "      <td>M</td>\n",
       "      <td>20.29</td>\n",
       "      <td>14.34</td>\n",
       "      <td>135.10</td>\n",
       "      <td>1297.0</td>\n",
       "      <td>0.10030</td>\n",
       "      <td>0.13280</td>\n",
       "      <td>0.1980</td>\n",
       "      <td>0.10430</td>\n",
       "      <td>...</td>\n",
       "      <td>16.67</td>\n",
       "      <td>152.20</td>\n",
       "      <td>1575.0</td>\n",
       "      <td>0.1374</td>\n",
       "      <td>0.2050</td>\n",
       "      <td>0.4000</td>\n",
       "      <td>0.1625</td>\n",
       "      <td>0.2364</td>\n",
       "      <td>0.07678</td>\n",
       "      <td>NaN</td>\n",
       "    </tr>\n",
       "  </tbody>\n",
       "</table>\n",
       "<p>5 rows × 33 columns</p>\n",
       "</div>"
      ],
      "text/plain": [
       "         id diagnosis  radius_mean  texture_mean  perimeter_mean  area_mean  \\\n",
       "0    842302         M        17.99         10.38          122.80     1001.0   \n",
       "1    842517         M        20.57         17.77          132.90     1326.0   \n",
       "2  84300903         M        19.69         21.25          130.00     1203.0   \n",
       "3  84348301         M        11.42         20.38           77.58      386.1   \n",
       "4  84358402         M        20.29         14.34          135.10     1297.0   \n",
       "\n",
       "   smoothness_mean  compactness_mean  concavity_mean  concave points_mean  \\\n",
       "0          0.11840           0.27760          0.3001              0.14710   \n",
       "1          0.08474           0.07864          0.0869              0.07017   \n",
       "2          0.10960           0.15990          0.1974              0.12790   \n",
       "3          0.14250           0.28390          0.2414              0.10520   \n",
       "4          0.10030           0.13280          0.1980              0.10430   \n",
       "\n",
       "   ...  texture_worst  perimeter_worst  area_worst  smoothness_worst  \\\n",
       "0  ...          17.33           184.60      2019.0            0.1622   \n",
       "1  ...          23.41           158.80      1956.0            0.1238   \n",
       "2  ...          25.53           152.50      1709.0            0.1444   \n",
       "3  ...          26.50            98.87       567.7            0.2098   \n",
       "4  ...          16.67           152.20      1575.0            0.1374   \n",
       "\n",
       "   compactness_worst  concavity_worst  concave points_worst  symmetry_worst  \\\n",
       "0             0.6656           0.7119                0.2654          0.4601   \n",
       "1             0.1866           0.2416                0.1860          0.2750   \n",
       "2             0.4245           0.4504                0.2430          0.3613   \n",
       "3             0.8663           0.6869                0.2575          0.6638   \n",
       "4             0.2050           0.4000                0.1625          0.2364   \n",
       "\n",
       "   fractal_dimension_worst  Unnamed: 32  \n",
       "0                  0.11890          NaN  \n",
       "1                  0.08902          NaN  \n",
       "2                  0.08758          NaN  \n",
       "3                  0.17300          NaN  \n",
       "4                  0.07678          NaN  \n",
       "\n",
       "[5 rows x 33 columns]"
      ]
     },
     "execution_count": 1,
     "metadata": {},
     "output_type": "execute_result"
    }
   ],
   "source": [
    "import pandas as pd\n",
    "breast_data = pd.read_csv('data.csv')\n",
    "breast_data.head(5)"
   ]
  },
  {
   "cell_type": "code",
   "execution_count": 2,
   "metadata": {},
   "outputs": [
    {
     "data": {
      "text/plain": [
       "Index(['id', 'diagnosis', 'radius_mean', 'texture_mean', 'perimeter_mean',\n",
       "       'area_mean', 'smoothness_mean', 'compactness_mean', 'concavity_mean',\n",
       "       'concave points_mean', 'symmetry_mean', 'fractal_dimension_mean',\n",
       "       'radius_se', 'texture_se', 'perimeter_se', 'area_se', 'smoothness_se',\n",
       "       'compactness_se', 'concavity_se', 'concave points_se', 'symmetry_se',\n",
       "       'fractal_dimension_se', 'radius_worst', 'texture_worst',\n",
       "       'perimeter_worst', 'area_worst', 'smoothness_worst',\n",
       "       'compactness_worst', 'concavity_worst', 'concave points_worst',\n",
       "       'symmetry_worst', 'fractal_dimension_worst', 'Unnamed: 32'],\n",
       "      dtype='object')"
      ]
     },
     "execution_count": 2,
     "metadata": {},
     "output_type": "execute_result"
    }
   ],
   "source": [
    "breast_data.columns"
   ]
  },
  {
   "cell_type": "markdown",
   "metadata": {},
   "source": [
    "Now time to clean the data and prepare it"
   ]
  },
  {
   "cell_type": "code",
   "execution_count": 3,
   "metadata": {},
   "outputs": [
    {
     "data": {
      "text/html": [
       "<div>\n",
       "<style scoped>\n",
       "    .dataframe tbody tr th:only-of-type {\n",
       "        vertical-align: middle;\n",
       "    }\n",
       "\n",
       "    .dataframe tbody tr th {\n",
       "        vertical-align: top;\n",
       "    }\n",
       "\n",
       "    .dataframe thead th {\n",
       "        text-align: right;\n",
       "    }\n",
       "</style>\n",
       "<table border=\"1\" class=\"dataframe\">\n",
       "  <thead>\n",
       "    <tr style=\"text-align: right;\">\n",
       "      <th></th>\n",
       "      <th>diagnosis</th>\n",
       "      <th>radius_mean</th>\n",
       "      <th>texture_mean</th>\n",
       "      <th>perimeter_mean</th>\n",
       "      <th>area_mean</th>\n",
       "      <th>smoothness_mean</th>\n",
       "      <th>compactness_mean</th>\n",
       "      <th>concavity_mean</th>\n",
       "      <th>concave points_mean</th>\n",
       "      <th>symmetry_mean</th>\n",
       "      <th>...</th>\n",
       "      <th>radius_worst</th>\n",
       "      <th>texture_worst</th>\n",
       "      <th>perimeter_worst</th>\n",
       "      <th>area_worst</th>\n",
       "      <th>smoothness_worst</th>\n",
       "      <th>compactness_worst</th>\n",
       "      <th>concavity_worst</th>\n",
       "      <th>concave points_worst</th>\n",
       "      <th>symmetry_worst</th>\n",
       "      <th>fractal_dimension_worst</th>\n",
       "    </tr>\n",
       "  </thead>\n",
       "  <tbody>\n",
       "    <tr>\n",
       "      <th>0</th>\n",
       "      <td>M</td>\n",
       "      <td>17.99</td>\n",
       "      <td>10.38</td>\n",
       "      <td>122.80</td>\n",
       "      <td>1001.0</td>\n",
       "      <td>0.11840</td>\n",
       "      <td>0.27760</td>\n",
       "      <td>0.30010</td>\n",
       "      <td>0.14710</td>\n",
       "      <td>0.2419</td>\n",
       "      <td>...</td>\n",
       "      <td>25.38</td>\n",
       "      <td>17.33</td>\n",
       "      <td>184.60</td>\n",
       "      <td>2019.0</td>\n",
       "      <td>0.1622</td>\n",
       "      <td>0.6656</td>\n",
       "      <td>0.7119</td>\n",
       "      <td>0.2654</td>\n",
       "      <td>0.4601</td>\n",
       "      <td>0.11890</td>\n",
       "    </tr>\n",
       "    <tr>\n",
       "      <th>1</th>\n",
       "      <td>M</td>\n",
       "      <td>20.57</td>\n",
       "      <td>17.77</td>\n",
       "      <td>132.90</td>\n",
       "      <td>1326.0</td>\n",
       "      <td>0.08474</td>\n",
       "      <td>0.07864</td>\n",
       "      <td>0.08690</td>\n",
       "      <td>0.07017</td>\n",
       "      <td>0.1812</td>\n",
       "      <td>...</td>\n",
       "      <td>24.99</td>\n",
       "      <td>23.41</td>\n",
       "      <td>158.80</td>\n",
       "      <td>1956.0</td>\n",
       "      <td>0.1238</td>\n",
       "      <td>0.1866</td>\n",
       "      <td>0.2416</td>\n",
       "      <td>0.1860</td>\n",
       "      <td>0.2750</td>\n",
       "      <td>0.08902</td>\n",
       "    </tr>\n",
       "    <tr>\n",
       "      <th>2</th>\n",
       "      <td>M</td>\n",
       "      <td>19.69</td>\n",
       "      <td>21.25</td>\n",
       "      <td>130.00</td>\n",
       "      <td>1203.0</td>\n",
       "      <td>0.10960</td>\n",
       "      <td>0.15990</td>\n",
       "      <td>0.19740</td>\n",
       "      <td>0.12790</td>\n",
       "      <td>0.2069</td>\n",
       "      <td>...</td>\n",
       "      <td>23.57</td>\n",
       "      <td>25.53</td>\n",
       "      <td>152.50</td>\n",
       "      <td>1709.0</td>\n",
       "      <td>0.1444</td>\n",
       "      <td>0.4245</td>\n",
       "      <td>0.4504</td>\n",
       "      <td>0.2430</td>\n",
       "      <td>0.3613</td>\n",
       "      <td>0.08758</td>\n",
       "    </tr>\n",
       "    <tr>\n",
       "      <th>3</th>\n",
       "      <td>M</td>\n",
       "      <td>11.42</td>\n",
       "      <td>20.38</td>\n",
       "      <td>77.58</td>\n",
       "      <td>386.1</td>\n",
       "      <td>0.14250</td>\n",
       "      <td>0.28390</td>\n",
       "      <td>0.24140</td>\n",
       "      <td>0.10520</td>\n",
       "      <td>0.2597</td>\n",
       "      <td>...</td>\n",
       "      <td>14.91</td>\n",
       "      <td>26.50</td>\n",
       "      <td>98.87</td>\n",
       "      <td>567.7</td>\n",
       "      <td>0.2098</td>\n",
       "      <td>0.8663</td>\n",
       "      <td>0.6869</td>\n",
       "      <td>0.2575</td>\n",
       "      <td>0.6638</td>\n",
       "      <td>0.17300</td>\n",
       "    </tr>\n",
       "    <tr>\n",
       "      <th>4</th>\n",
       "      <td>M</td>\n",
       "      <td>20.29</td>\n",
       "      <td>14.34</td>\n",
       "      <td>135.10</td>\n",
       "      <td>1297.0</td>\n",
       "      <td>0.10030</td>\n",
       "      <td>0.13280</td>\n",
       "      <td>0.19800</td>\n",
       "      <td>0.10430</td>\n",
       "      <td>0.1809</td>\n",
       "      <td>...</td>\n",
       "      <td>22.54</td>\n",
       "      <td>16.67</td>\n",
       "      <td>152.20</td>\n",
       "      <td>1575.0</td>\n",
       "      <td>0.1374</td>\n",
       "      <td>0.2050</td>\n",
       "      <td>0.4000</td>\n",
       "      <td>0.1625</td>\n",
       "      <td>0.2364</td>\n",
       "      <td>0.07678</td>\n",
       "    </tr>\n",
       "    <tr>\n",
       "      <th>5</th>\n",
       "      <td>M</td>\n",
       "      <td>12.45</td>\n",
       "      <td>15.70</td>\n",
       "      <td>82.57</td>\n",
       "      <td>477.1</td>\n",
       "      <td>0.12780</td>\n",
       "      <td>0.17000</td>\n",
       "      <td>0.15780</td>\n",
       "      <td>0.08089</td>\n",
       "      <td>0.2087</td>\n",
       "      <td>...</td>\n",
       "      <td>15.47</td>\n",
       "      <td>23.75</td>\n",
       "      <td>103.40</td>\n",
       "      <td>741.6</td>\n",
       "      <td>0.1791</td>\n",
       "      <td>0.5249</td>\n",
       "      <td>0.5355</td>\n",
       "      <td>0.1741</td>\n",
       "      <td>0.3985</td>\n",
       "      <td>0.12440</td>\n",
       "    </tr>\n",
       "    <tr>\n",
       "      <th>6</th>\n",
       "      <td>M</td>\n",
       "      <td>18.25</td>\n",
       "      <td>19.98</td>\n",
       "      <td>119.60</td>\n",
       "      <td>1040.0</td>\n",
       "      <td>0.09463</td>\n",
       "      <td>0.10900</td>\n",
       "      <td>0.11270</td>\n",
       "      <td>0.07400</td>\n",
       "      <td>0.1794</td>\n",
       "      <td>...</td>\n",
       "      <td>22.88</td>\n",
       "      <td>27.66</td>\n",
       "      <td>153.20</td>\n",
       "      <td>1606.0</td>\n",
       "      <td>0.1442</td>\n",
       "      <td>0.2576</td>\n",
       "      <td>0.3784</td>\n",
       "      <td>0.1932</td>\n",
       "      <td>0.3063</td>\n",
       "      <td>0.08368</td>\n",
       "    </tr>\n",
       "    <tr>\n",
       "      <th>7</th>\n",
       "      <td>M</td>\n",
       "      <td>13.71</td>\n",
       "      <td>20.83</td>\n",
       "      <td>90.20</td>\n",
       "      <td>577.9</td>\n",
       "      <td>0.11890</td>\n",
       "      <td>0.16450</td>\n",
       "      <td>0.09366</td>\n",
       "      <td>0.05985</td>\n",
       "      <td>0.2196</td>\n",
       "      <td>...</td>\n",
       "      <td>17.06</td>\n",
       "      <td>28.14</td>\n",
       "      <td>110.60</td>\n",
       "      <td>897.0</td>\n",
       "      <td>0.1654</td>\n",
       "      <td>0.3682</td>\n",
       "      <td>0.2678</td>\n",
       "      <td>0.1556</td>\n",
       "      <td>0.3196</td>\n",
       "      <td>0.11510</td>\n",
       "    </tr>\n",
       "    <tr>\n",
       "      <th>8</th>\n",
       "      <td>M</td>\n",
       "      <td>13.00</td>\n",
       "      <td>21.82</td>\n",
       "      <td>87.50</td>\n",
       "      <td>519.8</td>\n",
       "      <td>0.12730</td>\n",
       "      <td>0.19320</td>\n",
       "      <td>0.18590</td>\n",
       "      <td>0.09353</td>\n",
       "      <td>0.2350</td>\n",
       "      <td>...</td>\n",
       "      <td>15.49</td>\n",
       "      <td>30.73</td>\n",
       "      <td>106.20</td>\n",
       "      <td>739.3</td>\n",
       "      <td>0.1703</td>\n",
       "      <td>0.5401</td>\n",
       "      <td>0.5390</td>\n",
       "      <td>0.2060</td>\n",
       "      <td>0.4378</td>\n",
       "      <td>0.10720</td>\n",
       "    </tr>\n",
       "    <tr>\n",
       "      <th>9</th>\n",
       "      <td>M</td>\n",
       "      <td>12.46</td>\n",
       "      <td>24.04</td>\n",
       "      <td>83.97</td>\n",
       "      <td>475.9</td>\n",
       "      <td>0.11860</td>\n",
       "      <td>0.23960</td>\n",
       "      <td>0.22730</td>\n",
       "      <td>0.08543</td>\n",
       "      <td>0.2030</td>\n",
       "      <td>...</td>\n",
       "      <td>15.09</td>\n",
       "      <td>40.68</td>\n",
       "      <td>97.65</td>\n",
       "      <td>711.4</td>\n",
       "      <td>0.1853</td>\n",
       "      <td>1.0580</td>\n",
       "      <td>1.1050</td>\n",
       "      <td>0.2210</td>\n",
       "      <td>0.4366</td>\n",
       "      <td>0.20750</td>\n",
       "    </tr>\n",
       "  </tbody>\n",
       "</table>\n",
       "<p>10 rows × 31 columns</p>\n",
       "</div>"
      ],
      "text/plain": [
       "  diagnosis  radius_mean  texture_mean  perimeter_mean  area_mean  \\\n",
       "0         M        17.99         10.38          122.80     1001.0   \n",
       "1         M        20.57         17.77          132.90     1326.0   \n",
       "2         M        19.69         21.25          130.00     1203.0   \n",
       "3         M        11.42         20.38           77.58      386.1   \n",
       "4         M        20.29         14.34          135.10     1297.0   \n",
       "5         M        12.45         15.70           82.57      477.1   \n",
       "6         M        18.25         19.98          119.60     1040.0   \n",
       "7         M        13.71         20.83           90.20      577.9   \n",
       "8         M        13.00         21.82           87.50      519.8   \n",
       "9         M        12.46         24.04           83.97      475.9   \n",
       "\n",
       "   smoothness_mean  compactness_mean  concavity_mean  concave points_mean  \\\n",
       "0          0.11840           0.27760         0.30010              0.14710   \n",
       "1          0.08474           0.07864         0.08690              0.07017   \n",
       "2          0.10960           0.15990         0.19740              0.12790   \n",
       "3          0.14250           0.28390         0.24140              0.10520   \n",
       "4          0.10030           0.13280         0.19800              0.10430   \n",
       "5          0.12780           0.17000         0.15780              0.08089   \n",
       "6          0.09463           0.10900         0.11270              0.07400   \n",
       "7          0.11890           0.16450         0.09366              0.05985   \n",
       "8          0.12730           0.19320         0.18590              0.09353   \n",
       "9          0.11860           0.23960         0.22730              0.08543   \n",
       "\n",
       "   symmetry_mean  ...  radius_worst  texture_worst  perimeter_worst  \\\n",
       "0         0.2419  ...         25.38          17.33           184.60   \n",
       "1         0.1812  ...         24.99          23.41           158.80   \n",
       "2         0.2069  ...         23.57          25.53           152.50   \n",
       "3         0.2597  ...         14.91          26.50            98.87   \n",
       "4         0.1809  ...         22.54          16.67           152.20   \n",
       "5         0.2087  ...         15.47          23.75           103.40   \n",
       "6         0.1794  ...         22.88          27.66           153.20   \n",
       "7         0.2196  ...         17.06          28.14           110.60   \n",
       "8         0.2350  ...         15.49          30.73           106.20   \n",
       "9         0.2030  ...         15.09          40.68            97.65   \n",
       "\n",
       "   area_worst  smoothness_worst  compactness_worst  concavity_worst  \\\n",
       "0      2019.0            0.1622             0.6656           0.7119   \n",
       "1      1956.0            0.1238             0.1866           0.2416   \n",
       "2      1709.0            0.1444             0.4245           0.4504   \n",
       "3       567.7            0.2098             0.8663           0.6869   \n",
       "4      1575.0            0.1374             0.2050           0.4000   \n",
       "5       741.6            0.1791             0.5249           0.5355   \n",
       "6      1606.0            0.1442             0.2576           0.3784   \n",
       "7       897.0            0.1654             0.3682           0.2678   \n",
       "8       739.3            0.1703             0.5401           0.5390   \n",
       "9       711.4            0.1853             1.0580           1.1050   \n",
       "\n",
       "   concave points_worst  symmetry_worst  fractal_dimension_worst  \n",
       "0                0.2654          0.4601                  0.11890  \n",
       "1                0.1860          0.2750                  0.08902  \n",
       "2                0.2430          0.3613                  0.08758  \n",
       "3                0.2575          0.6638                  0.17300  \n",
       "4                0.1625          0.2364                  0.07678  \n",
       "5                0.1741          0.3985                  0.12440  \n",
       "6                0.1932          0.3063                  0.08368  \n",
       "7                0.1556          0.3196                  0.11510  \n",
       "8                0.2060          0.4378                  0.10720  \n",
       "9                0.2210          0.4366                  0.20750  \n",
       "\n",
       "[10 rows x 31 columns]"
      ]
     },
     "execution_count": 3,
     "metadata": {},
     "output_type": "execute_result"
    }
   ],
   "source": [
    "# deleting unnecessary columns\n",
    "breast_data = breast_data.drop(['id', 'Unnamed: 32'], axis=1)\n",
    "breast_data.head(10)"
   ]
  },
  {
   "cell_type": "markdown",
   "metadata": {},
   "source": [
    "Correlation charts"
   ]
  },
  {
   "cell_type": "code",
   "execution_count": 4,
   "metadata": {},
   "outputs": [
    {
     "data": {
      "application/vnd.plotly.v1+json": {
       "config": {
        "plotlyServerURL": "https://plot.ly"
       },
       "data": [
        {
         "coloraxis": "coloraxis",
         "hovertemplate": "x: %{x}<br>y: %{y}<br>color: %{z}<extra></extra>",
         "name": "0",
         "texttemplate": "%{z}",
         "type": "heatmap",
         "x": [
          "radius_mean",
          "texture_mean",
          "perimeter_mean",
          "area_mean",
          "smoothness_mean",
          "compactness_mean",
          "concavity_mean",
          "concave points_mean",
          "symmetry_mean",
          "fractal_dimension_mean",
          "radius_se",
          "texture_se",
          "perimeter_se",
          "area_se",
          "smoothness_se",
          "compactness_se",
          "concavity_se",
          "concave points_se",
          "symmetry_se",
          "fractal_dimension_se",
          "radius_worst",
          "texture_worst",
          "perimeter_worst",
          "area_worst",
          "smoothness_worst",
          "compactness_worst",
          "concavity_worst",
          "concave points_worst",
          "symmetry_worst",
          "fractal_dimension_worst"
         ],
         "xaxis": "x",
         "y": [
          "radius_mean",
          "texture_mean",
          "perimeter_mean",
          "area_mean",
          "smoothness_mean",
          "compactness_mean",
          "concavity_mean",
          "concave points_mean",
          "symmetry_mean",
          "fractal_dimension_mean",
          "radius_se",
          "texture_se",
          "perimeter_se",
          "area_se",
          "smoothness_se",
          "compactness_se",
          "concavity_se",
          "concave points_se",
          "symmetry_se",
          "fractal_dimension_se",
          "radius_worst",
          "texture_worst",
          "perimeter_worst",
          "area_worst",
          "smoothness_worst",
          "compactness_worst",
          "concavity_worst",
          "concave points_worst",
          "symmetry_worst",
          "fractal_dimension_worst"
         ],
         "yaxis": "y",
         "z": [
          [
           1,
           0.32378189092773324,
           0.9978552814938109,
           0.9873571700566127,
           0.17058118749299467,
           0.5061235775263634,
           0.6767635503908104,
           0.8225285223871786,
           0.14774124199260202,
           -0.3116308263092899,
           0.6790903880020743,
           -0.09731744314481319,
           0.6741716157641048,
           0.7358636632128178,
           -0.2226001245821115,
           0.2059999804076988,
           0.19420362276150882,
           0.3761689559399253,
           -0.10432088141786551,
           -0.042641269114456294,
           0.9695389726112055,
           0.29700764398637336,
           0.9651365139559871,
           0.9410824595860461,
           0.11961613992160802,
           0.4134628230608015,
           0.5269114618385448,
           0.7442141978674661,
           0.1639533349363072,
           0.007065885692182479
          ],
          [
           0.32378189092773324,
           1,
           0.3295330586865707,
           0.32108569608020704,
           -0.023388515998423325,
           0.236702222074372,
           0.30241782794389144,
           0.29346405131394276,
           0.07140098048331764,
           -0.07643718344813423,
           0.27586867617376243,
           0.3863576227244906,
           0.28167311478720275,
           0.2598449866100985,
           0.006613777353585514,
           0.19197461132396684,
           0.14329307656049867,
           0.16385102528521822,
           0.009127167755035895,
           0.054457519568933854,
           0.35257294715029586,
           0.912044588840421,
           0.35803957505322415,
           0.3435459471864696,
           0.077503358822129,
           0.2778295924789794,
           0.30102522381649116,
           0.2953158433377364,
           0.10500791031597205,
           0.11920535139708567
          ],
          [
           0.9978552814938109,
           0.3295330586865707,
           1,
           0.9865068039913907,
           0.2072781636910072,
           0.556936210879562,
           0.7161356501174047,
           0.8509770412528191,
           0.18302721211685316,
           -0.26147690806633256,
           0.6917650135334819,
           -0.08676107831179455,
           0.6931348895408653,
           0.7449826941190683,
           -0.20269402629832212,
           0.25074368074058806,
           0.22808234539365832,
           0.407216915998619,
           -0.08162932702839931,
           -0.005523391057003881,
           0.9694763634663146,
           0.30303837155715024,
           0.9703868870426394,
           0.9415498080023068,
           0.1505494043170374,
           0.45577422803832723,
           0.5638792634736619,
           0.7712407893605497,
           0.18911504046245775,
           0.05101852972340705
          ],
          [
           0.9873571700566127,
           0.32108569608020704,
           0.9865068039913907,
           1,
           0.1770283772540016,
           0.49850168215241186,
           0.6859828285519112,
           0.8232688686524342,
           0.15129307903511224,
           -0.2831098116914261,
           0.7325622269972968,
           -0.06628021360457731,
           0.7266283277906844,
           0.8000859212343201,
           -0.1667766666011128,
           0.21258255077923266,
           0.20766006048256927,
           0.3723202823307104,
           -0.07249658821176244,
           -0.019886963235068042,
           0.9627460860470841,
           0.287488627121397,
           0.9591195743552645,
           0.9592133256498998,
           0.12352293875557084,
           0.39041030924249864,
           0.5126059204433239,
           0.7220166262603579,
           0.1435699138890717,
           0.003737597351571729
          ],
          [
           0.17058118749299467,
           -0.023388515998423325,
           0.2072781636910072,
           0.1770283772540016,
           1,
           0.6591232152159234,
           0.52198376771426,
           0.5536951727437609,
           0.5577747880728878,
           0.5847920019499775,
           0.30146709825316975,
           0.06840644817118251,
           0.29609193289351476,
           0.24655243166573562,
           0.3323754426475922,
           0.31894329670537874,
           0.24839567988255598,
           0.38067569098328613,
           0.20077437592048314,
           0.2836066985468851,
           0.21312014189594916,
           0.03607179878564654,
           0.23885262620915101,
           0.20671836342857688,
           0.8053241954943627,
           0.4724684437304436,
           0.4349257147250878,
           0.503053353298951,
           0.39430948181175646,
           0.4993163685937669
          ],
          [
           0.5061235775263634,
           0.236702222074372,
           0.556936210879562,
           0.49850168215241186,
           0.6591232152159234,
           1,
           0.8831206701772507,
           0.831135043133698,
           0.6026410484055158,
           0.565368663414522,
           0.49747344608506183,
           0.04620483071640705,
           0.5489052645888235,
           0.45565285198788846,
           0.13529926770047143,
           0.7387217896603929,
           0.5705168714898889,
           0.642261850971647,
           0.22997659080143223,
           0.5073181269004216,
           0.5353153982176662,
           0.2481328332774173,
           0.590210427731298,
           0.50960380555792,
           0.5655411663750888,
           0.8658090398022629,
           0.8162752498000281,
           0.8155732235690644,
           0.5102234299218061,
           0.6873823227538974
          ],
          [
           0.6767635503908104,
           0.30241782794389144,
           0.7161356501174047,
           0.6859828285519112,
           0.52198376771426,
           0.8831206701772507,
           1,
           0.9213910263788588,
           0.5006666171419609,
           0.33678335942118504,
           0.6319248221414899,
           0.07621834813534026,
           0.6603907872419604,
           0.6174268058452413,
           0.09856374579911734,
           0.6702788246430194,
           0.6912702075448502,
           0.6832599165123261,
           0.17800920792087752,
           0.4493007490503378,
           0.6882364076436722,
           0.2998788887096908,
           0.7295649165132018,
           0.6759872313060872,
           0.44882203840476004,
           0.7549680159063962,
           0.8841026390943817,
           0.861323033637951,
           0.4094641265399853,
           0.5149298906363856
          ],
          [
           0.8225285223871786,
           0.29346405131394276,
           0.8509770412528191,
           0.8232688686524342,
           0.5536951727437609,
           0.831135043133698,
           0.9213910263788588,
           1,
           0.4624973883673585,
           0.1669173832269923,
           0.6980498335607404,
           0.021479581923401776,
           0.710649871613898,
           0.6902985397595536,
           0.027653308387136005,
           0.49042424959357145,
           0.43916706847426173,
           0.6156341308969191,
           0.09535078688667675,
           0.2575837462430327,
           0.8303176311186159,
           0.2927517130015173,
           0.8559231281343119,
           0.809629619909618,
           0.4527530541790488,
           0.6674536768257124,
           0.7523994975749643,
           0.9101553142985918,
           0.3757441454236111,
           0.36866113371677106
          ],
          [
           0.14774124199260202,
           0.07140098048331764,
           0.18302721211685316,
           0.15129307903511224,
           0.5577747880728878,
           0.6026410484055158,
           0.5006666171419609,
           0.4624973883673585,
           1,
           0.47992133005096926,
           0.30337926320726244,
           0.1280529263402561,
           0.3138927607965131,
           0.22397021941762965,
           0.18732116526139078,
           0.4216591470050108,
           0.3426270230777206,
           0.39329787208901684,
           0.44913654239342854,
           0.3317861462731239,
           0.18572775349568738,
           0.0906506881166432,
           0.21916855911105818,
           0.1771933773740968,
           0.4266750263849464,
           0.4732000132446185,
           0.433721007590172,
           0.4302966114579543,
           0.6998257976437302,
           0.4384134984446025
          ],
          [
           -0.3116308263092899,
           -0.07643718344813423,
           -0.26147690806633256,
           -0.2831098116914261,
           0.5847920019499775,
           0.565368663414522,
           0.33678335942118504,
           0.1669173832269923,
           0.47992133005096926,
           1,
           0.0001109950726296278,
           0.16417396587172883,
           0.03982993157204734,
           -0.09017024752042703,
           0.4019644254484126,
           0.5598366906211326,
           0.44663032169957156,
           0.34119804439711815,
           0.34500739714372797,
           0.6881315774585519,
           -0.25369149487660986,
           -0.05126920203676535,
           -0.20515121126277344,
           -0.2318544511675603,
           0.5049420753517612,
           0.4587981566678596,
           0.3462338763480676,
           0.17532544924324475,
           0.3340186838510839,
           0.7672967792384361
          ],
          [
           0.6790903880020743,
           0.27586867617376243,
           0.6917650135334819,
           0.7325622269972968,
           0.30146709825316975,
           0.49747344608506183,
           0.6319248221414899,
           0.6980498335607404,
           0.30337926320726244,
           0.0001109950726296278,
           1,
           0.21324733725115802,
           0.9727936770160764,
           0.951830112110991,
           0.16451421981281164,
           0.35606457553220283,
           0.3323575376076105,
           0.5133464414367649,
           0.24056736245007102,
           0.22775353267198026,
           0.715065195135185,
           0.19479855683425132,
           0.7196838036650044,
           0.7515484761266196,
           0.14191855291860658,
           0.28710316560074034,
           0.38058463462872194,
           0.5310623278216046,
           0.09454283035438187,
           0.049559432464573124
          ],
          [
           -0.09731744314481319,
           0.3863576227244906,
           -0.08676107831179455,
           -0.06628021360457731,
           0.06840644817118251,
           0.04620483071640705,
           0.07621834813534026,
           0.021479581923401776,
           0.1280529263402561,
           0.16417396587172883,
           0.21324733725115802,
           1,
           0.223170728630714,
           0.11156724721803947,
           0.3972428526412099,
           0.2316996989762371,
           0.19499846445881905,
           0.2302833995570338,
           0.41162068019753933,
           0.2797227477191938,
           -0.11169031312493002,
           0.4090027663153059,
           -0.10224192188743278,
           -0.08319498858504636,
           -0.07365765910118513,
           -0.09243935361819372,
           -0.06895622054645592,
           -0.11963752313984607,
           -0.12821475779252947,
           -0.045654568593207025
          ],
          [
           0.6741716157641048,
           0.28167311478720275,
           0.6931348895408653,
           0.7266283277906844,
           0.29609193289351476,
           0.5489052645888235,
           0.6603907872419604,
           0.710649871613898,
           0.3138927607965131,
           0.03982993157204734,
           0.9727936770160764,
           0.223170728630714,
           1,
           0.9376554069544157,
           0.15107533120841296,
           0.41632236799246164,
           0.3624815822704489,
           0.5562640836543961,
           0.2664870918640224,
           0.24414277341628535,
           0.6972005927206456,
           0.2003708539594511,
           0.7210313099890175,
           0.7307129731302829,
           0.1300543919910096,
           0.3419194453712055,
           0.4188988157305714,
           0.5548972306282103,
           0.1099304342313503,
           0.0854325720566574
          ],
          [
           0.7358636632128178,
           0.2598449866100985,
           0.7449826941190683,
           0.8000859212343201,
           0.24655243166573562,
           0.45565285198788846,
           0.6174268058452413,
           0.6902985397595536,
           0.22397021941762965,
           -0.09017024752042703,
           0.951830112110991,
           0.11156724721803947,
           0.9376554069544157,
           1,
           0.07515033812199375,
           0.28484005654116107,
           0.270894726190632,
           0.4157295683714005,
           0.1341089796924749,
           0.12707090297801246,
           0.7573731889240164,
           0.19649664907281025,
           0.7612126360687592,
           0.8114079609317274,
